44 465 532 652 41 698 9 208 2185 596
106 45 68 1395 9 200 172 670 2048 2476
991 4 86 2619 264 494 4 1524 406 2054
2023 421 45 141 1298 8 2793 244 281 267
734 1106 906 663 123 848 950 2591 546 1644
129 435 45 670 1387 1518 105 536 316 316
129 105 1778 744 2148 1 400 150 129 657
744 407 588 23 61 2237 86 886 517 3043
93 663 1099 114 1344 591 328 131 1076 2125
238 920 4 4 238 1660 2443 523 523 2235
125 98 4 4 150 364 523 430 2182 2803
105 1116 1717 1012 506 172 430 560 247 1040
670 166 49 393 44 505 323 86 401 52
247 114 146 105 500 1245 534 1106 1713 1167
278 61 1529 983 981 256 350 207 316 51
10 172 172 61 455 2833 581 17 1692 536
1349 105 1132 421 2133 105 316 373 940 940
2069 418 421 359 715 171 179 2211 1264 2211
105 1 1847 114 28 93 989 4 2056 245
257 670 105 179 232 516 516 180 117 172
715 41 219 27 516 743 838 1158 950 532
125 106 1242 98 128 240 30 1897 536 382
2045 247 507 500 1106 518 1651 2016 1969 950
28 285 336 165 612 65 179 517 909 318
247 274 318 432 238 527 575 1581 516 279
339 189 848 500 169 662 421 105 771 129
1236 125 23 23 615 41 89 105 832 717
125 65 412 1457 1663 465 1264 2236 59 353
105 93 105 185 6 2016 1887 2056 1196 1241
45 105 886 532 4 453 523 2583 2318 406
670 69 4 527 2089 350 1000 45 44 51
245 76 238 39 1167 353 1845 542 2056 2055
105 1928 306 2569 257 471 995 421 634 1546
1561 1546 284 1861 946 1906 2274 2316 663 1498
125 49 917 6 24 407 289 1059 684 1656
161 52 44 983 27 471 105 983 798 1844
4 24 876 105 532 854 430 232 532 1486
532 6 243 983 135 11 98 245 135 377
1231 98 1562 946 483 1257 165 687 419 190
45 247 698 51 1119 93 1713 268 388 1934
8 45 361 21 114 2788 480 1713 268 294
51 125 20 89 421 863 2823 2841 526 471
105 525 69 1252 238 1901 470 634 649 49
114 6 244 41 317 98 2565 39 534 1830
1337 2534 41 1613 98 5 471 79 133 173
4 4 832 4 2016 350 268 318 69 407
267 867 2016 69 238 517 2016 2016 752 2062
247 105 516 61 924 886 154 932 375 259
105 125 4 23 93 1271 564 518 518 532
238 516 1417 238 402 502 989 1163 430 1163
2496 6 866 536 30 51 316 185 1201 373
104 129 98 789 284 6 135 19 318 415
284 52 1201 105 169 718 930 440 106 1110
1495 247 343 105 30 105 135 105 316 316
1116 1605 27 125 2249 1348 407 560 961 247
274 65 284 185 6 1065 20 597 798 610
41 2355 65 86 1299 355 281 2486 480 507
125 1546 1146 538 107 610 125 1523 1466 548
24 129 662 435 245 125 715 1229 10 720
5 316 1259 393 756 10 824 205 207 105
435 238 525 284 861 1158 873 1000 2323 523
316 883 93 250 2178 174 974 560 2228 1450
529 230 1245 287 86 542 2915 388 388 2056
45 1717 643 85 148 798 284 187 213 14
511 85 276 8 805 669 689 357 1302 1311
93 23 306 105 896 789 353 789 863 863
105 1668 734 733 874 98 539 897 45 643
1881 610 274 1002 1116 715 278 133 715 217
135 23 6 114 4 69 407 1255 534 1158
52 24 105 892 6 165 832 2437 1878 2579
435 105 469 6 128 44 44 86 190 1254
27 4 244 318 238 1163 542 534 1881 838
670 322 45 93 93 177 52 560 421 1
267 28 500 407 617 152 477 971 920 931
863 114 832 350 542 93 2318 854 886 957
257 238 518 950 32 861 854 1255 406 532
1841 529 1993 98 593 546 174 185 516 316
135 316 146 931 184 190 546 518 597 609
513 85 105 1430 69 1201 652 179 1934 294
2434 500 238 98 991 278 1227 556 1037 606
1006 961 548 1006 21 530 789 185 185 264
45 274 243 52 49 2790 24 168 2471 247
1522 191 2324 318 517 517 791 39 306 232
454 1870 39 49 105 4 517 455 2233 2132
1521 265 1015 1631 753 2564 518 950 993 337
125 128 1467 278 52 2517 453 445 445 1926
662 662 2719 492 2561 24 135 117 505 804
421 52 128 45 205 24 1518 1762 10 12
50 41 468 51 720 652 139 442 788 704
469 2309 1252 487 117 795 85 632 2467 832
607 105 70 220 869 930 791 532 4 177
697 135 245 244 712 117 366 983 516 832
448 111 65 257 105 1854 105 1521 135 185
747 2569 1107 105 105 373 560 105 432 339
105 322 6 133 630 1915 789 145 185 185
98 350 922 238 1163 893 546 112 798 112
1452 105 1025 281 105 146 1286 588 896 588
6 516 125 832 2131 39 2016 4 4 1172
1127 548 2646 1116 49 832 2237 406 838 69
2476 1107 1116 1151 125 2211 1264 1644 757 281
244 663 238 520 893 930 546 1934 652 105
45 1219 356 6 393 139 789 1165 3165 105
125 532 278 123 19 1257 1022 1421 353 791
920 832 832 2211 1969 1319 327 1238 1454 339
670 500 85 41 2277 882 1849 219 2165 1159
341 429 2582 273 532 1106 1713 69 1886 873
1457 24 105 105 525 369 1926 179 517 517
125 105 105 994 698 406 69 542 388 98
105 882 741 525 5 1756 2823 69 533 545
69 4 4 430 994 406 1172 2718 516 3212
105 129 1289 547 776 24 2044 598 175 175
200 105 93 600 500 893 893 2089 854 3248
652 458 1259 453 946 445 399 980 287 2233
125 49 172 105 421 798 2249 154 353 1093
1163 125 23 734 1349 238 873 518 2778 832
946 93 93 105 518 4 1172 1854 529 674
245 238 187 278 2009 4 542 542 2034 517
129 1910 216 65 6 2836 46 86 983 619
178 695 1349 45 1752 767 105 832 832 500
501 1086 1119 734 471 471 910 34 264 2156
538 2703 284 734 27 663 278 278 278 513
886 6 1167 124 11 720 581 1843 1116 1116
214 525 4 500 500 71 2935 583 723 2049
1121 610 51 1349 135 383 553 465 284 1870
433 975 28 2382 193 207 105 1560 421 168
125 114 278 766 1065 237 530 128 178 41
8 500 350 350 532 407 294 174 873 542
45 1015 525 308 1845 523 886 238 1160 69
105 377 1062 8 447 548 715 178 23 366
10 1163 143 618 41 2170 41 653 5 199
128 418 98 950 15 421 662 2045 247 3
105 39 128 257 590 965 128 695 1457 339
861 2125 238 4 2383 118 445 861 1233 341
125 2131 105 189 832 174 832 532 1525 2578
6 316 756 169 393 111 961 454 1521 441
1541 326 715 105 796 1941 22 536 536 1615
421 135 110 105 421 2280 41 597 1047 609
2620 128 6 1242 45 69 350 1000 2318 534
154 125 41 23 6 2023 644 2625 545 214
23 441 238 663 110 6 798 425 113 714
98 135 744 500 2591 532 407 2591 517 899
45 105 105 278 1311 800 52 6 125 128
421 111 6 44 6 721 58 6 169 144
85 1167 44 438 4 500 4 520 174 185
1084 39 959 69 86 2016 32 517 517 32
105 183 105 950 542 32 517 517 381 1146
6 30 376 407 1245 545 789 876 876 353
125 259 114 1290 377 980 588 227 1967 1094
877 2170 644 1901 96 244 306 930 2263 468
129 744 886 125 416 125 128 125 133 665
39 69 105 518 2324 2575 950 1486 832 174
2049 547 721 798 278 1553 703 749 214 991
2749 125 169 318 41 86 174 238 1969 3104
10 105 965 123 93 89 172 8 715 55
226 961 832 4 174 3024 893 2089 1486 1486
224 906 185 1536 105 789 30 536 105 30
125 125 238 284 471 281 1654 484 41 11
959 260 105 65 1122 1541 652 867 1000 185
128 378 670 2536 247 529 1080 854 886 168
158 656 4 500 500 2016 69 500 1969 534
523 4 4 532 893 1713 69 950 1886 2684
496 105 9 193 105 86 51 1845 232 909
45 6 1883 105 1558 86 1395 2209 1286 204
6 52 2132 350 2016 86 2131 388 1934 915
421 2627 6 273 105 989 22 105 105 40
498 339 52 2064 45 1802 176 112 210 744
105 45 500 86 980 5 316 308 51 51
965 157 93 500 406 1255 294 798 756 795
1349 105 215 500 185 610 238 1264 1264 523
1241 501 105 438 891 4 517 545 1934 1158
421 8 24 247 168 24 129 24 337 129
353 1007 41 2239 500 69 407 1182 523 1586
105 51 30 1751 518 505 117 291 39 470
125 500 227 281 3210 532 2237 1598 518 1106
257 2937 500 211 2268 546 406 2274 268 788
105 798 538 2846 93 2912 2620 2901 69 2650
125 49 93 105 382 41 260 51 86 264
154 734 114 6 680 1151 886 1928 69 2682
2479 2 1233 734 114 910 196 203 105 3075
247 6 1559 65 317 1229 353 599 353 353
3057 2407 525 1397 468 278 278 513 909 513
2034 41 238 318 531 520 886 288 1255 2062
536 211 23 193 862 1453 799 1567 632 159
715 83 767 986 832 2574 174 832 2319 518
125 327 86 172 715 135 185 105 1028 5
1904 219 795 2059 69 4 4 861 1928 838
1498 1454 2264 950 69 238 69 994 430 832
200 1159 525 79 93 1756 789 1302 353 3218
500 4 923 327 146 500 526 69 542 520
339 525 237 1920 5 1949 698 534 294 2324
2037 93 86 1381 687 117 789 336 2662 232
105 6 45 200 45 149 6 2270 1182 59
1241 1 125 185 89 34 41 185 436 135
45 168 2046 471 2596 23 848 759 950 1524
24 24 670 24 105 979 733 4 1006 350
59 6 93 563 105 994 1006 542 2237 2089
513 45 318 500 516 318 318 445 69 69
1064 1252 105 807 22 185 22 51 1497 820
45 612 105 10 670 2662 313 172 505 172
1349 215 407 30 10 532 267 100 1921 1635
41 1290 124 117 123 770 165 172 2131 264
727 105 24 128 52 185 563 1062 105 267
332 983 244 950 273 238 2236 350 517 523
45 292 93 93 61 481 260 1241 160 1159
1349 93 114 3388 2445 1140 179 536 135 382
16 994 832 238 350 4 994 1879 532 69
30 1236 354 105 353 789 789 870 279 279
380 306 105 23 349 3202 525 24 432 1232
125 870 247 1127 238 500 2089 1245 1614 406
421 464 24 435 45 128 69 586 98 63
816 98 1660 518 518 518 1106 1488 1245 500
720 267 280 1949 2807 105 421 2123 487 1901
2336 2015 105 105 500 2780 179 2061 341 546
1081 959 273 2131 446 98 2651 2184 3203 2444
529 2411 6 149 306 273 2479 517 746 652
128 245 63 265 1863 117 10 30 1640 160
1116 168 375 1116 762 415 439 1762 2727 284
316 500 2034 406 520 4 2591 294 1713 1713
1241 445 274 610 27 114 45 742 78 339
274 257 98 69 237 237 161 125 1448 507
670 207 128 421 93 316 525 185 1201 733
1121 484 4 2576 174 177 1853 652 105 353
45 86 172 219 34 1116 1116 991 274 1180
425 324 27 146 27 61 1186 49 8 52
24 500 1787 353 399 219 238 61 1001 377
45 891 1135 61 1467 1495 45 207 540 1679
41 670 146 1233 488 686 187 566 144 1587
2132 44 500 377 406 500 1614 752 873 950
52 1242 105 282 291 531 373 2211 1614 185
542 1182 65 601 1886 1201 752 523 1928 179
1674 610 23 501 507 93 87 838 69 1525
135 238 500 4 533 243 250 2725 4 2270
670 1921 219 98 97 1119 469 600 221 377
1643 1158 52 39 609 284 260 469 538 6
1486 117 238 278 533 1264 1158 545 886 294
734 65 169 24 129 1034 168 506 373 257
247 1529 292 45 542 525 135 717 663 85
24 6 185 125 316 278 867 185 185 867
44 542 244 27 500 318 789 517 932 870
238 6 2049 487 643 4 752 2089 406 950
2482 137 980 3307 543 142 1550 2938 2569 89
824 124 983 51 128 157 665 742 766 24
1521 542 500 6 2395 1000 238 69 341 534
129 10 485 351 720 526 484 507 6 1112
247 6 128 172 63 61 405 2168 1546 10
2686 93 1584 6 458 893 2210 353 874 513
744 348 983 105 2591 373 105 789 791 373
44 23 370 2016 2442 2557 133 329 2774 377
663 489 623 2016 32 45 2281 105 1 125
114 946 756 23 610 245 507 337 49 270
105 6 139 65 105 502 168 68 707 507
125 1802 41 741 804 538 557 90 358 1244
75 886 69 2438 322 1241 612 612 1242 260
24 114 105 10 278 382 397 788 1684 31
1581 421 125 500 2034 2836 2336 957 1971 1015
125 1901 516 238 959 287 523 268 950 2057
350 323 959 148 2467 343 832 1512 2049 1106
247 219 98 322 588 2326 648 1085 1085 1159
125 644 670 789 2625 500 350 4 2089 2016
105 951 33 2591 58 39 69 532 993 1163
247 276 278 1110 1652 718 23 1106 1614 950
49 1167 532 2237 2004 2236 59 1879 388 1160
2682 500 135 2283 49 245 52 1012 983 1012
843 1910 1242 93 273 238 542 861 388 854
65 318 278 27 278 28 2318 634 265 105
612 350 49 406 546 1683 536 125 500 1233
51 2517 3016 832 39 808 838 34 195 663
2896 185 2211 1752 531 108 542 832 179 1234
172 257 105 4 893 350 520 994 407 517
339 24 9 663 1886 1293 1567 117 2131 820
45 105 316 518 937 318 69 1486 4 445
332 114 238 247 105 168 416 68 260 175
630 27 1000 533 3135 1802 1151 534 344 69
1652 105 1636 93 105 287 518 406 500 407
237 105 52 52 52 129 421 449 1 68
961 393 2815 2823 421 516 438 284 272 1791
377 195 219 152 238 238 1853 532 232 4
949 51 212 30 105 1195 221 3257 1521 540
185 798 93 940 257 4 1000 520 350 1984
1279 247 2613 49 532 406 532 388 350 532
1121 28 1827 373 214 532 69 350 994 994
843 350 278 125 979 105 5 1934 791 520
518 327 734 86 86 86 539 212 325 1163
525 525 97 125 664 63 471 1655 980 69
940 734 327 500 532 950 1488 2089 2891 2235
55 125 6 65 489 167 238 500 69 407
946 284 327 6 318 30 536 117 805 6
125 125 500 500 406 733 406 854 406 523
1346 2564 61 98 93 243 105 318 185 318
1670 105 1167 991 950 348 350 69 69 494
93 355 1012 1 93 2211 534 350 350 994
2044 93 85 1314 154 500 500 1264 518 2437
52 1160 1000 6 1108 433 1160 734 98 98
23 169 219 278 246 816 2231 983 517 351
45 39 97 347 2132 1132 105 1201 500 1598
550 613 6 65 1119 214 520 69 950 2344
105 49 105 110 1422 543 245 52 52 52
22 1116 1691 129 105 41 516 105 1524 316
375 652 148 350 4 2034 517 455 733 2034
185 500 542 534 86 32 1068 871 179 1196
214 1660 959 1823 124 175 276 1099 662 995
178 105 125 832 4 1000 546 1163 2054 546
2133 4 500 520 500 807 2016 2395 2493 2060
1242 990 318 176 257 52 52 1530 719 630
4 93 500 318 517 2034 517 2034 733 61
1457 49 174 1106 430 71 45 135 200 548
69 105 6 436 861 534 542 532 139 445
125 105 169 49 1299 6 185 85 276 548
23 105 45 445 520 232 517 406 873 1878
2591 51 4 959 52 178 45 105 210 204
445 1159 61 187 278 278 848 969 578 6
129 506 208 98 284 1846 6 421 691 135
125 273 832 243 79 1842 2005 2230 532 2323
600 6 1201 42 169 27 218 1110 2044 93
24 1941 273 506 51 5 185 517 791 373
653 1452 195 1655 30 639 2153 1521 135 1288
105 98 6 45 1692 885 105 502 862 257
670 506 187 770 415 1652 89 245 152 983
950 1201 52 1901 525 293 2016 2016 2483 3104
8 185 62 278 178 382 626 548 500 190
132 975 23 469 86 1264 350 69 520 2438
126 1713 292 71 232 832 4 436 69 306
105 278 615 1081 274 756 796 1591 1521 563
1571 351 193 6 2270 801 238 4 500 1887
93 93 3386 152 277 1901 168 1468 1254 885
247 4 4 4 4 832 950 238 820 135
172 65 1611 528 530 105 517 500 260 377
105 3052 105 202 734 652 1173 373 517 2089
1545 217 322 1762 662 670 536 1543 277 566
1615 45 365 643 65 513 664 664 210 2652
39 61 105 125 24 105 789 353 517 373
125 154 421 90 123 729 976 760 1835 1835
1236 2445 767 125 670 247 1122 2443 1486 1488
44 41 45 2011 49 23 157 1108 157 1274
23 1662 429 178 24 10 2223 613 204 2841
45 93 923 49 211 1027 729 65 93 588
548 548 278 1299 2016 2016 388 520 294 545
523 1934 520 241 2703 1106 174 518 1201 950
5 219 49 111 898 133 325 337 218 146
468 327 114 278 114 114 763 2823 1432 1432
49 946 60 135 93 185 278 1853 863 1255
436 3108 285 500 2526 1915 455 2833 1106 1912
391 98 117 135 105 1325 867 509 532 1845
125 6 135 350 238 500 2790 870 534 341
1874 273 93 528 8 500 25 520 4 2651
756 146 178 105 49 350 1713 542 69 838
318 339 500 278 558 350 873 89 327 185
1122 612 125 24 30 536 105 185 10 727
924 15 65 500 4 4 1163 532 341 993
178 105 516 86 89 2675 391 284 190 476
23 125 58 208 93 185 185 870 353 867
2476 23 498 105 185 382 105 516 516 734
1 412 23 105 3093 168 144 662 546 1
506 1279 98 441 375 1010 378 750 206 643
24 105 4 86 86 105 507 34 318 870
93 210 2231 93 1019 542 190 930 532 1934
1 105 105 1107 950 525 1615 1254 560 965
135 27 125 252 670 767 129 1254 421 611
105 6 2635 135 378 177 117 277 597 278
1241 983 470 35 2619 52 168 105 8 281
391 591 4 1163 733 22 278 789 1201 2131
939 3081 61 129 86 994 174 838 832 174
700 267 500 4 498 245 757 129 421 178
221 79 105 8 105 832 994 1245 1188 267
2482 469 219 1159 796 10 2227 753 663 720
6 2751 500 1930 536 353 1936 1428 2687 2062
552 65 278 79 83 233 219 237 407 832
326 116 1119 990 274 1861 1886 950 45 125
105 1342 133 98 93 114 350 545 69 117
52 318 106 27 789 326 471 471 1163 1100
247 1099 98 128 1252 214 137 212 1286 2168
1317 2277 798 1886 820 445 445 5 135 382
341 51 41 105 1228 937 172 1201 507 3018
2708 532 4 2231 2016 800 306 172 892 341
125 268 2016 69 238 500 69 407 520 2395
125 105 500 712 6 168 1242 168 128 129
52 61 43 1034 2089 517 471 183 111 148
105 506 86 734 86 1915 2034 388 1172 260
45 90 51 418 2596 98 350 525 2274 861
105 65 520 278 4 4 318 838 545 2056
525 886 599 925 30 2857 324 2652 798 2620
2493 734 547 193 595 741 882 1062 2283 1175
23 1127 1151 1452 291 1163 535 445 268 268
5 532 532 382 683 135 1486 542 294 1264
1932 2323 49 1463 382 870 517 517 870 942
498 105 273 65 1489 2231 4 86 453 86
961 500 98 184 500 500 4 1486 518 534
500 4 2089 174 3019 69 2054 518 1245 59
1376 801 483 798 2309 1201 1713 510 1108 2125
531 4 4 257 867 2233 892 545 861 388
105 44 720 281 105 2745 185 185 870 185
267 105 27 500 32 2823 2725 1614 306 957
670 435 24 247 1298 1121 125 2560 1099 211
663 142 418 500 520 69 421 10 10 1476
736 27 23 741 734 1119 612 720 128 125
316 247 610 500 734 185 244 2471 1969 832
45 93 1151 274 1497 536 789 532 238 2089
1652 2806 110 445 516 454 276 85 421 662
639 105 24 445 876 4 2274 520 534 545
117 542 93 98 1248 1298 1546 2719 1332 106
542 128 93 238 463 1183 40 247 98 52
548 34 483 470 5 830 532 34 9 609
39 2577 1652 133 245 105 1926 789 877 517
105 516 307 1015 2790 796 2623 816 2618 310
1455 322 60 169 98 673 34 30 536 540
105 575 516 49 1235 45 643 674 27 188
694 114 4 278 238 105 532 407 2438 523
125 532 523 532 98 500 69 546 500 1488
562 3315 221 190 2016 3248 1146 1146 873 993
981 500 520 4 406 1614 1488 1163 1615 185
125 65 1071 39 216 385 41 41 540 276
28 98 23 205 2037 174 1486 500 2089 2211
2766 151 1242 2660 2482 516 277 168 41 338
1101 498 98 1012 130 172 687 304 1649 17
237 2430 6 65 183 2089 238 873 421 612
247 79 317 105 318 270 500 1886 517 886
612 105 665 6 560 950 2049 2577 796 51
796 105 5 1107 93 294 4 533 542 388
373 129 125 105 950 4 1488 534 69 542
105 45 5 950 2313 534 873 1887 2558 185
1245 221 500 1886 214 168 950 518 1165 1233
1069 1861 1104 1361 70 2055 211 185 8 2148
720 45 244 98 125 98 133 529 529 190
48 24 1713 4 881 185 893 1255 2060 2318
267 1466 373 41 185 1012 135 32 1901 52
339 274 2561 1710 1023 278 105 532 1928 1255
516 406 1752 445 238 500 3019 93 282 807
245 940 133 157 21 85 193 336 506 351
322 421 1652 42 105 105 327 462 547 547
525 1121 516 129 267 4 292 61 214 6
259 148 169 27 1630 267 507 318 373 185
5 4 983 93 734 69 542 526 98 98
189 2049 45 2460 291 39 105 353 1800 2026
421 23 2876 23 532 105 789 353 877 698
560 744 339 10 1688 247 991 1319 869 2364
542 98 65 1242 525 69 135 244 51 1524
52 128 219 291 601 832 2056 2034 185 318
744 1293 45 260 128 1264 1149 69 534 1255
1238 247 2410 518 889 2068 1460 2226 612 995
500 485 278 58 406 1302 538 604 397 1776
1413 1434 6 110 49 1119 615 767 214 210
583 322 169 500 93 140 350 407 185 1886
3158 27 1071 500 2314 1558 2311 930 4 2016
73 264 247 1242 406 500 2016 1255 854 2016
39 392 317 86 152 373 2591 85 893 614
125 1299 1634 643 1080 439 532 1596 190 353
942 167 105 278 2252 2903 2482 1653 476 562
789 532 49 746 353 2941 185 185 1769 1201
30 796 169 98 1086 520 69 2274 1713 1713
534 871 2055 81 870 39 4 407 2395 1106
1051 322 125 133 1252 1227 190 1174 529 151
820 128 186 52 238 317 538 317 767 609
45 247 522 238 2492 1934 1172 2056 698 418
274 734 23 49 500 1486 546 1878 1853 2324
1231 43 23 23 278 6 278 278 789 185
1001 961 219 105 897 125 125 128 1159 670
39 105 1926 105 373 542 873 2270 245 260
63 525 906 581 9 516 41 11 39 382
85 85 6 6 273 376 500 1230 1163 2274
796 39 105 93 4 518 518 1106 1106 612
45 245 1252 712 243 256 4 69 238 838
45 393 24 463 1324 2233 406 388 873 69
339 496 200 135 458 536 1490 247 45 498
10 471 245 169 19 278 1173 278 877 353
44 85 117 6 756 219 1121 1121 1521 536
245 2517 500 86 505 2236 873 1264 69 2567
744 487 23 238 238 527 527 45 665 715
525 238 517 114 500 500 2769 268 2270 517
128 135 169 1345 98 796 561 2572 1640 1167
1242 148 848 1559 516 789 407 3114 523 892
2562 45 796 105 350 39 245 598 598 598
39 274 98 98 86 56 733 382 41 536
2044 41 105 9 23 1081 848 5 651 18
556 421 610 1196 415 14 93 135 117 117
44 789 105 135 318 1488 546 1 995 125
114 52 128 532 1739 324 2476 257 71 1543
129 238 8 49 98 135 23 946 45 592
429 227 187 183 946 90 190 84 1432 1692
1501 832 135 532 2239 185 517 523 294 861
350 93 98 559 45 2054 174 500 2089 546
886 238 500 105 373 350 518 534 1191 2230
24 39 39 946 644 39 133 289 314 2016
142 344 93 4 832 2211 1886 542 4 4
1405 2151 39 3221 520 520 547 247 6 995
111 1567 45 98 507 480 185 342 69 406
514 1915 1139 45 105 105 6 733 185 185
768 2040 712 770 445 278 185 652 369 179
2496 105 546 1107 307 536 98 316 117 117
534 238 4 1713 662 1165 1886 861 723 1245
593 351 530 520 98 350 796 712 520 1713
500 1524 500 349 273 1713 813 532 2231 516
45 897 51 1569 532 500 69 873 490 1255
16 41 273 6 27 542 1000 69 350 268
720 45 59 3198 8 105 267 1943 105 105
3082 30 238 65 1614 4 1713 517 1255 3267
24 500 27 532 1886 893 2483 2444 2682 1163
105 125 1529 2476 105 1926 2089 69 1158 69
356 343 171 965 140 421 46 137 634 632
295 93 114 721 994 506 174 542 238 854
278 1583 200 787 715 789 185 873 1934 517
603 1613 3075 114 789 540 41 34 1178 34
1405 98 375 273 41 471 76 525 500 1928
105 9 382 238 51 237 125 51 48 662
51 98 69 54 238 518 598 178 276 207
125 1242 278 114 6 23 222 564 356 384
2966 93 412 1058 1394 52 507 682 62 359
288 776 105 105 2089 500 2491 993 527 542
247 245 1167 35 105 353 369 353 513 353
465 6 114 63 79 129 168 744 2510 1093
105 820 105 937 500 1614 268 1614 1163 886
614 27 429 125 390 487 39 361 203 1990
771 105 41 500 238 69 430 238 500 1713
87 532 4 6 500 306 69 893 69 1928
41 278 2223 39 983 65 634 566 1518 117
1498 532 128 435 69 69 500 2089 2274 406
500 23 150 318 4 69 238 264 268 1172
1675 44 238 500 752 39 455 39 520 886
168 1155 135 500 1245 546 1853 282 2089 1324
500 1345 1963 506 2342 532 294 388 185 432
105 1652 6 1054 32 185 1106 832 4 1644
10 200 734 2037 532 1121 23 173 525 105
45 798 2213 370 185 299 185 1121 193 30
125 958 65 533 42 425 90 526 507 106
129 189 30 19 789 105 237 278 133 65
1161 4 133 85 4 534 545 892 950 1845
219 463 1467 518 238 832 436 2213 2107 7
125 240 169 182 232 873 1854 532 2016 854
1498 490 612 670 245 506 165 129 919 150
952 24 560 487 238 52 68 316 49 98
525 274 23 636 734 65 854 534 48 840
245 6 322 2131 421 1587 798 148 148 128
105 221 65 492 4 523 518 238 1000 340
436 1453 244 114 832 49 1526 1255 2274 534
1002 269 1304 2649 114 63 63 513 149 3298
950 85 189 52 500 517 752 994 752 517
41 767 421 86 41 39 51 373 1349 1349
93 65 1537 210 1524 185 2023 291 41 734
24 510 105 1675 548 1332 65 2045 41 135
98 610 715 28 210 176 1 141 97 976
45 247 1388 539 466 98 384 41 566 991
612 2482 443 994 454 237 832 1512 999 709
3355 1901 245 369 1856 451 1034 983 235 107
542 93 2125 242 1184 513 801 185 185 139
85 93 1535 219 278 662 940 35 47 718
105 11 6 105 523 1264 168 630 435 560
27 429 83 105 317 41 337 281 1274 68
6 98 1183 1367 1518 237 720 885 670 106
318 278 1683 1614 500 388 873 1969 2711 652
51 87 27 238 4 500 500 481 861 523
52 247 278 1242 532 453 406 1264 867 2238
169 44 218 111 49 98 117 516 93 463
2229 23 615 175 154 105 507 2178 767 112
612 98 238 278 542 545 532 1845 407 407
2077 61 734 238 1106 2085 500 2274 406 757
168 105 526 69 4 2016 886 238 500 517
44 22 5 1863 217 4 832 546 546 1486
421 125 114 257 923 4 294 4 2270 527
1127 247 2517 548 2245 583 137 1622 1622 772
264 28 65 536 17 529 133 863 196 926
2662 991 734 909 61 652 532 542 2235 1723
940 683 518 520 2016 756 4 69 542 861
536 168 43 324 1611 3075 221 2620 247 1457
247 1713 1068 247 177 105 528 893 517 1614
665 98 41 152 377 429 93 9 1765 717
45 193 965 1000 518 2089 1158 185 1380 276
105 219 49 469 1201 421 1926 980 1926 100
128 1626 278 169 184 10 2281 638 324 46
1561 759 2620 2555 124 863 238 1264 1644 1614
1316 2643 634 1525 487 1517 1146 822 1580 634
117 983 14 516 65 518 177 2569 959 128
417 6 51 5 378 780 98 41 97 950
3006 238 4 4 2016 1928 1934 1163 517 1934
245 185 219 93 500 45 1886 69 407 873
1055 484 177 778 42 1934 1106 950 518 518
45 318 2236 4 69 341 39 1854 328 86
247 441 28 65 195 227 471 516 327 1692
214 6 165 117 797 117 93 789 185 39
65 1584 2820 500 401 61 2061 518 2089 950
105 51 238 318 4 1644 4 2823 721 69
630 278 238 1178 1119 912 932 791 1143 2387
929 940 63 27 278 350 407 527 993 525
1 105 11 789 97 995 1106 114 1230 1991
172 128 23 468 378 278 2344 218 562 1924
488 2 506 105 150 185 45 41 8 135
51 6 93 98 6 278 789 517 516 2026
347 4 117 436 553 1485 1106 1245 546 517
2055 65 238 609 2300 601 185 2723 1099 10
125 52 2023 500 69 532 2207 698 1934 2237
1670 2591 4 500 174 500 268 4 4 268
809 1151 39 24 518 532 832 174 238 4
105 1242 2044 133 789 373 877 353 874 3035
1167 93 245 58 652 1000 734 789 517 870
135 2044 421 274 1385 2698 163 561 2228 30
277 105 1912 1537 41 30 1034 2214 299 355
435 1919 1386 34 278 105 789 1934 353 874
1242 27 1062 813 500 861 1245 39 2788 791
2820 211 542 257 1926 41 31 5 390 51
6 1823 516 1523 49 470 612 44 1652 1159
52 27 306 117 517 1971 168 148 2001 327
375 1006 28 11 471 467 1170 260 337 434
1151 27 2825 1024 327 41 244 232 185 2156
612 322 125 86 644 720 56 86 406 117
759 501 1451 278 327 150 133 172 6 1747
612 200 24 8 767 463 239 11 11 10
8 259 734 128 185 942 1486 1486 2311 2049
105 1264 652 69 318 1886 542 69 957 341
912 500 1150 105 520 4 69 527 1887 1878
2148 592 133 516 918 260 98 152 2792 349
8 154 505 114 93 273 185 527 1172 2056
339 125 24 744 588 2790 106 297 10 52
2652 1538 434 200 214 93 93 268 185 516
214 1116 386 684 1613 2069 171 237 1467 148
247 39 983 65 230 407 200 39 39 230
612 45 16 124 211 712 447 1538 337 112
114 518 85 1643 532 105 798 270 798 615
1450 662 959 613 6 93 114 406 1845 350
1467 832 105 135 25 222 49 185 471 1201
52 129 6 238 500 105 2614 1709 1087 2182
125 105 45 128 2001 350 2062 407 407 1772
105 61 417 118 117 200 110 6 171 135
837 1488 4 520 520 4 4 520 520 1132
247 1099 500 39 886 1713 238 148 900 520
49 129 2894 98 318 230 294 341 542 1713
2482 506 243 23 41 24 185 105 52 185
1106 816 169 34 165 185 105 179 185 615
1563 276 105 129 1543 280 2517 261 1 171
105 105 245 536 353 41 11 11 324 607
2170 86 523 87 2311 1845 1845 534 1172 546
30 128 856 185 5 39 959 6 2016 86
278 20 4 1658 2034 3031 238 350 1158 1486
421 172 93 416 185 1015 41 41 804 244
634 23 840 185 1676 184 1081 634 89 1469
950 532 105 2016 2445 117 1311 358 316 358
1709 744 1524 341 1319 135 219 41 597 609
1845 23 500 2016 2016 268 546 406 1106 873
1885 1632 516 222 521 2231 39 2651 1201 281
2371 259 501 264 439 832 893 532 1255 1853
128 734 65 39 501 500 1106 69 1245 2004
339 770 6 410 1000 548 85 1188 520 532
69 172 98 1353 133 185 517 1255 523 268
744 61 323 49 1713 69 542 523 2344 268
1201 238 110 832 238 532 2054 1651 1644 500
247 744 2211 4 86 2833 2016 500 525 517
79 4 500 500 4 39 1524 335 353 867
5 506 39 39 117 85 532 1106 532 407
98 1652 93 289 1242 2227 24 2601 2146 2217
114 23 28 516 318 539 861 510 93 979
513 129 357 500 523 523 506 506 939 1926
168 322 1273 1798 1397 1311 211 2625 712 1667
61 458 185 8 756 1248 406 1261 471 195
530 516 98 6 325 238 453 69 430 1690
657 1394 128 152 65 1010 8 8 178 1265
30 278 1595 278 1611 190 1257 566 1994 207
4 14 69 1201 17 1620 356 14 382 532
2496 967 27 2237 61 793 2075 882 750 2441
586 14 219 332 323 1559 1561 2289 105 525
2294 244 218 125 715 500 1324 32 500 532
105 382 27 157 930 301 562 2874 286 58
2437 218 1917 740 813 6 2823 752 117 2023
435 125 306 125 39 65 749 536 185 257
719 1252 971 284 358 93 316 105 245 260
195 22 670 105 1000 69 1158 533 327 99
6 52 87 1452 530 318 256 366 1649 2395
61 128 23 8 133 93 124 124 113 718
670 105 2778 1299 1284 69 542 994 861 2891
2616 30 3006 169 346 421 178 237 1450 662
154 487 183 140 185 44 706 1634 798 105
219 4 114 105 238 86 86 446 1201 98
2479 65 2115 915 117 418 24 796 979 1136
45 105 4 931 532 125 24 125 1159 598
767 267 125 1255 146 45 214 665 952 218
125 105 48 489 1229 798 1323 994 281 40
552 193 1006 587 848 1334 1719 105 506 337
445 454 391 133 1252 532 238 1878 294 630
39 93 1233 98 2442 89 1585 105 416 367
125 533 39 316 238 1245 105 432 734 346
6 44 187 51 278 832 861 2708 534 832
23 125 238 721 365 238 1245 698 45 128
274 500 4 1614 69 3043 2591 407 517 1969
440 23 4 995 832 1713 69 500 500 2089
733 125 41 657 1045 79 190 574 1838 569
1586 260 1414 487 93 523 490 989 542 807
65 500 798 1259 2319 69 546 1106 1651 4
1127 125 238 128 1045 140 152 195 200 1476
1165 6 2374 412 6 273 1121 93 281 318
2355 1417 98 98 322 425 114 734 1756 177
339 93 1298 133 532 238 45 1242 210 78
1001 741 117 60 276 384 150 318 1943 500
45 106 154 1299 822 34 5 361 1855 353
52 221 1559 105 950 1355 1713 517 517 517
652 111 692 11 93 347 598 2028 105 361
105 97 45 281 93 195 506 105 207 6
612 105 41 85 8 176 324 1642 176 643
52 172 113 410 93 652 789 185 353 232
357 1656 41 51 105 69 832 960 157 245
1653 44 1279 727 1971 1241 1653 2914 1298 1538
105 536 505 318 767 23 703 1928 534 1878
1119 483 49 125 2510 114 245 317 2787 2456
59 93 500 341 3071 994 179 1264 1264 523
105 125 351 542 1714 152 1486 2708 2016 2089
125 284 814 291 1934 532 1158 2049 518 518
920 105 219 500 385 168 717 421 64 307
353 44 2523 2131 527 959 168 56 273 982
105 4 292 189 496 365 238 1486 560 247
83 1 366 105 129 129 44 307 1012 337
536 536 98 6 206 268 527 179 2055 2056
1163 27 238 2061 1468 1596 2868 2183 370 111
1724 500 55 1961 105 8 176 615 165 41
30 2790 1488 471 306 500 322 278 179 500
513 1555 424 105 24 532 69 350 886 69
105 644 458 61 943 1067 615 2044 532 980
220 861 671 798 23 125 10 41 30 536
114 114 105 86 28 69 2318 294 523 1678
3001 24 1710 1255 1886 546 2211 1544 2602 798
2044 6 65 663 79 93 517 2317 832 174
105 6 27 644 1071 484 278 336 891 503
1521 292 39 377 85 983 247 135 1467 432
6 816 291 644 351 129 516 41 51 5
2876 322 326 955 2482 2016 500 525 1525 2054
652 4 6 1739 114 278 278 93 131 114
1521 1080 52 1228 4 2089 238 513 542 542
185 469 1752 383 523 2583 185 516 516 244
105 105 1000 200 289 238 1255 1845 1000 125
2697 125 983 52 105 105 1529 24 281 695
295 500 500 65 4 500 533 518 518 1644
24 598 105 1883 517 357 1984 994 251 865
910 125 6 65 278 278 98 105 245 24
941 277 27 63 506 117 663 2029 3273 185
965 93 365 1196 2437 989 517 523 2323 353
1586 135 318 1034 930 2873 238 798 662 10
99 663 425 6 391 114 61 863 517 278
806 407 1823 2552 3031 1934 2387 873 4 1031
45 415 172 6 27 742 278 105 59 506
2482 542 23 1901 443 418 1122 1646 768 1063
416 959 41 1861 39 1473 624 10 175 237
41 114 1724 879 98 1187 125 105 41 30
4 93 169 1971 45 506 135 8 734 771
518 370 500 832 832 355 174 832 455 1801
51 41 238 4 407 2318 2034 1928 733 238
125 351 756 28 173 324 117 1290 105 185
1546 105 2023 610 634 353 934 5 874 232
125 4 98 734 509 854 698 238 838 542
45 284 373 27 950 994 534 1928 2297 2716
245 6 336 165 505 41 185 41 105 9
4 518 1043 455 416 4 421 52 1248 48
612 125 16 1332 69 532 752 2023 2236 527
832 525 93 5 500 2591 1255 2237 534 1285
585 277 500 284 500 105 542 1886 1324 545
105 49 353 365 1406 1332 727 65 1394 670
350 1692 28 168 796 128 85 98 97 185
1255 174 4 4 500 2016 1713 2089 1614 1614
105 135 1872 86 863 185 471 1201 86 318
129 630 208 65 5 1121 520 2001 129 373
128 670 1349 767 1219 49 105 525 318 283
105 45 729 135 45 86 934 698 185 353
247 93 39 4 168 41 185 324 353 535
4 5 384 2410 619 265 93 1107 285 531
536 468 274 244 496 172 41 238 898 733
455 500 471 406 373 1845 453 35 1934 26
1349 993 1752 533 734 1158 412 1635 154 3087
247 653 720 1071 93 260 2131 148 2136 366
185 11 135 135 1668 500 1277 1927 891 117
105 178 135 23 168 129 24 168 39 316
61 110 237 295 634 55 1302 1245 1377 1854
105 4 1488 2049 2016 534 2089 953 2266 2395
264 28 281 30 1883 344 5 355 940 540
30 105 2474 185 518 500 1713 517 517 867
339 2340 1242 238 185 34 2 35 34 11
274 1292 377 45 244 547 238 61 238 600
105 185 49 27 93 105 226 374 3091 11
432 1242 58 923 397 183 770 407 1915 264
52 832 618 316 1201 350 69 69 1713 238
185 950 24 1745 125 715 715 23 663 278
49 174 2554 1012 325 377 98 1712 462 306
1252 532 39 105 1713 381 4 532 854 854
662 105 500 1472 980 69 1245 388 407 3104
734 98 219 2826 49 1742 643 46 1663 34
39 501 526 174 2049 2089 318 407 2280 268
125 734 2537 45 506 513 125 1186 1878 811
1 128 795 152 344 980 534 185 353 278
49 1713 238 114 69 60 1713 256 93 892
618 178 807 85 125 412 28 69 534 316
125 536 2707 458 1468 741 924 507 185 589
125 670 612 754 45 278 152 431 186 133
183 117 152 207 391 41 1541 1241 1116 45
260 245 125 27 1062 278 278 1713 534 838
128 421 767 832 351 518 1878 2318 516 3086
97 61 180 377 1845 532 532 1853 861 1845
711 125 2270 49 1526 1264 69 500 318 993
1136 471 548 500 525 350 893 886 532 69
45 2 500 352 105 436 619 566 893 500
663 350 500 306 238 987 267 1790 1032 1926
663 766 85 897 989 419 504 1204 23 1102
10 624 111 86 1163 1012 43 829 2510 2274
339 792 114 670 518 518 2698 821 2703 832
52 1167 129 1466 353 874 1854 353 791 1169
1127 601 45 583 276 1129 2039 332 284 1961
1195 335 965 114 465 1186 105 353 232 1559
125 1116 1541 93 257 257 406 534 69 1984
832 1353 274 1349 1236 2725 341 341 1853 179
45 65 175 421 2235 752 534 341 4 920
125 135 69 500 2034 546 518 105 185 245
446 135 6 1201 8 152 369 52 337 60
105 670 69 32 4 517 4 2158 877 920
125 105 41 105 374 1752 105 2323 174 185
1844 89 1253 591 168 185 536 39 129 135
1938 185 377 93 128 2131 506 165 34 142
353 105 3307 344 445 445 1870 1000 500 832
125 498 980 125 281 589 185 105 532 632
548 532 125 244 532 518 2437 2439 1813 1992
125 207 247 644 238 1146 1147 1160 516 2236
4 2063 27 105 874 934 523 518 1255 369
1448 720 172 42 124 23 326 665 667 117
1106 278 1886 117 438 352 337 562 1189 98
105 363 98 135 69 2318 517 4 517 832
24 125 1902 65 278 15 354 1808 1882 974
105 63 6 278 178 1377 1192 636 16 564
2687 169 1614 941 49 687 532 1196 1921 1449
510 4 105 865 4 481 670 1238 1159 1254
2156 1452 500 4 500 1641 532 350 69 893
1635 93 4 1099 105 1854 185 517 1169 542
499 210 611 1546 1407 128 245 715 260 52
87 24 1084 1181 23 169 518 517 937 518
1845 326 1201 105 908 562 2125 789 863 353
105 1844 180 327 105 546 407 407 1324 698
1107 41 65 23 295 128 670 435 260 3224
1242 123 172 715 185 61 542 542 861 407
279 23 74 516 105 98 1000 832 520 4
44 471 114 246 2016 931 105 520 69 341
284 527 244 536 730 516 1151 407 243 873
498 2876 296 342 23 1527 193 1488 1255 500
950 6 295 1080 528 2525 712 388 417 93
1652 1146 2107 2513 259 4 105 1656 373 373
85 85 421 994 2833 548 1257 1539 766 3033
276 1062 959 946 93 165 227 380 516 789
373 2059 500 24 105 178 316 41 536 51
1342 942 6 185 2569 45 952 212 612 1076
663 1583 362 174 1606 2300 709 102 1468 1450
168 876 500 2283 93 662 421 22 1159 610
1455 643 250 1201 715 85 41 1298 340 1233
125 172 152 471 195 6 185 1934 886 542
516 1242 65 117 30 177 734 316 185 540
10 983 6 93 2440 19 804 114 1595 336
49 596 154 88 1236 45 1616 520 532 2315
1515 125 1870 49 421 938 560 2295 1241 1241
1078 2709 114 169 1663 1006 765 560 247 247
95 721 169 49 114 1713 870 517 2318 838
562 2209 2697 129 168 353 129 285 375 86
986 45 1260 128 105 1358 105 24 789 168
51 734 526 219 93 45 278 1836 647 190
559 125 670 832 105 105 1000 1853 1525 361
734 267 500 4 1934 893 2318 893 518 1106
883 531 93 41 51 547 21 22 129 39
2931 1652 93 1518 23 69 752 2239 430 523
2022 4 4 373 2016 2444 1969 1000 542 873
339 105 1457 327 560 1673 946 58 434 648
44 1107 1031 70 318 892 430 1232 560 560
24 105 45 133 80 520 523 4 6 210
798 219 257 154 720 630 663 105 45 643
1929 612 93 1585 27 520 1324 59 344 2367
184 68 983 51 86 133 213 2001 69 854
533 45 1012 377 27 386 798 1121 712 712
959 23 83 6 185 245 105 373 185 455
506 382 6 98 6 421 634 8 245 51
2841 6 715 244 337 23 285 168 52 106
1345 45 115 200 168 76 1863 150 40 98
407 6 351 1097 318 238 4 69 752 3004
274 98 125 93 41 11 468 538 244 11
105 498 227 1841 657 59 1045 35 1044 2
105 323 601 854 730 238 69 950 1158 1160
1349 42 505 133 1298 546 2016 69 453 2059
416 45 45 93 6 291 2159 2275 926 1675
114 418 93 439 6 3016 105 520 174 2211
652 532 542 256 61 2696 2054 174 1713 1245
1541 5 2483 5 980 525 2270 2965 1614 523
2894 525 238 670 137 767 587 513 968 2096
421 105 2410 105 105 523 717 105 76 2046
178 1271 257 1345 1186 1273 406 2089 1969 942
1466 105 727 322 93 438 406 2591 527 2277
6 247 168 93 10 583 500 1713 1713 2590
93 610 1099 85 317 207 950 98 1233 98
105 39 1126 125 8 532 45 125 6 6
27 105 1934 69 238 114 854 534 518 93
248 1883 105 1649 500 227 297 1717 876 69
247 105 4 375 185 445 733 523 916 545
2708 4 1163 1255 281 105 2790 412 902 870
105 20 220 27 222 2044 98 98 1242 995
49 1006 45 61 615 918 133 959 238 79
185 944 1614 223 518 257 353 1000 500 893
135 154 500 318 238 350 832 1485 832 1264
125 135 42 1119 500 520 520 388 294 69
41 85 995 245 98 245 281 50 23 349
89 670 1513 547 200 1518 1196 68 337 78
45 129 6 471 207 542 1854 176 176 799
768 1054 2156 341 438 86 369 179 1167 41
274 85 148 8 20 353 500 698 207 185
421 105 172 267 6 238 523 533 523 2235
798 125 6 39 244 51 185 318 39 98
125 1345 245 734 505 1468 721 1186 215 939
1062 6 23 906 105 56 185 1488 2558 133
789 500 500 532 861 861 698 2579 1106 546
318 219 274 278 169 619 1167 9 589 694
247 105 247 406 2270 767 105 789 185 353
10 106 1099 547 415 2749 1290 500 532 532
1545 1507 2336 23 662 2482 1279 2859 719 185
597 657 23 798 27 721 278 369 1926 179
1000 525 670 128 690 133 2009 2476 2476 270
168 1071 65 20 152 93 238 98 98 156
532 532 1000 27 350 501 1067 1324 318 86
1121 6 148 152 86 983 1679 421 421 185
128 105 1903 86 356 23 1534 176 2418 1550
1709 670 257 105 500 500 733 532 1845 518
1201 789 435 185 353 942 909 509 1709 2152
45 93 105 1214 278 517 264 542 854 22
1349 518 1523 284 600 133 950 1934 350 518
562 562 125 520 1183 69 1000 2016 2591 4
1413 98 27 278 520 69 407 2274 407 838
105 97 105 734 93 1934 105 566 179 886
662 61 898 2371 93 65 203 59 3195 2530
237 99 393 1243 178 792 1652 6 832 41
267 316 796 8 586 525 52 106 237 612
105 532 238 69 268 69 950 832 1255 1886
615 125 532 436 27 500 534 2004 1106 487
8 24 93 105 662 128 245 168 171 129
247 798 393 2044 178 27 185 185 185 2023
350 748 114 873 542 520 873 733 517 994
670 24 105 2235 185 1915 2431 446 232 373
1127 613 45 50 45 2339 45 6 7 93
2975 190 190 278 6 1615 222 1127 469 604
1968 49 532 244 257 168 832 260 347 479
52 2602 93 59 2319 1628 1598 2778 518 3019
1635 49 798 244 1471 832 533 520 4 1158
128 821 2131 105 532 69 69 854 1172 294
861 500 222 1227 208 1426 247 536 41 291
1541 393 93 500 854 715 1286 218 111 294
1709 41 6 6 93 6 796 1886 988 573
193 249 105 98 516 955 348 168 1233 547
525 438 10 93 222 185 610 51 46 34
1614 185 946 500 2708 1679 500 2239 2576 950
6 1971 507 2803 278 353 517 791 877 909
52 105 4 145 318 2131 733 238 2157 168
612 98 114 96 542 69 752 69 840 2471
940 238 2237 117 238 238 542 523 2277 527
218 23 600 93 39 439 697 46 798 1545
1106 219 1804 49 105 1298 1 566 45 211
956 6 142 96 227 6 244 165 2610 316
52 1615 536 245 407 518 2016 832 950 2266
65 85 222 587 942 6 525 148 148 789
339 24 1159 105 542 23 114 278 278 278
511 98 4 808 238 2537 4 407 445 2016
105 4 2566 1000 906 959 105 2491 69 98
1 3336 257 257 105 105 500 2016 3104 341
247 322 2465 105 1713 4 445 2089 520 873
744 1529 204 670 128 1298 2344 752 341 2056
1931 1292 128 470 125 45 734 715 65 187
125 536 185 169 619 536 757 520 2344 2682
1116 4 125 219 2172 315 934 1854 517 698
2055 1546 105 1529 1364 105 168 24 168 526
125 1901 135 1287 27 200 525 254 798 2482
1541 125 106 560 976 652 2133 789 179 179
295 341 393 90 1655 1649 870 1708 3114 1232
573 4 4 350 500 2344 481 994 546 105
190 238 2034 257 98 290 285 504 2098 367
168 211 24 327 39 22 41 589 589 1028
105 22 105 832 406 2034 318 893 350 463
1242 2395 3259 950 789 373 516 174 2343 542
1217 471 45 1676 344 787 767 2202 185 185
105 128 23 1932 2762 990 652 1606 353 934
45 114 211 1254 663 525 1107 105 501 93
6 1984 219 98 176 421 1227 23 49 1713
527 873 63 238 930 2062 523 350 950 564
2156 105 105 636 318 670 832 125 273 260
114 27 41 468 278 2131 1112 4 994 2062
6 961 105 129 3382 135 185 41 30 536
2344 69 238 721 1969 1201 2774 545 2444 884
227 1242 219 43 715 1099 97 6 51 260
407 562 421 500 69 712 525 1541 432 838
24 1196 1252 278 76 124 797 216 720 89
281 117 1062 612 83 3302 358 2025 2496 369
6 292 536 105 172 2231 168 322 105 864
1242 69 821 415 1133 1116 45 854 1041 350
93 1514 176 89 23 105 1195 2437 3043 267
2482 1529 2516 1236 2245 832 349 2529 1462 2445
39 496 217 193 1419 534 1467 353 789 185
105 93 375 117 124 278 105 603 670 22
500 382 2410 23 1244 135 16 1353 219 45
1798 2029 670 1126 1217 832 1106 1106 1349 293
6 135 172 469 185 1522 1845 520 989 69
761 93 500 93 838 525 517 1158 517 791
6 2697 278 500 500 1651 2131 2880 471 1163
1059 1041 351 86 86 980 494 357 697 152
45 1457 93 2745 124 98 989 165 28 471
105 204 238 500 52 93 93 861 176 105
89 6 58 1815 98 1062 278 789 1387 662
950 105 238 950 542 4 2089 873 407 4
1271 4 30 1151 105 1028 1094 1637 468 946
247 612 1084 462 906 670 260 337 1233 2937
238 438 68 98 2765 500 832 950 3162 114
278 169 43 1062 109 148 278 448 1926 369
105 1007 994 500 4 1266 388 69 430 900
